Climate_2019		
1	2.76	0.000
2	3.02	0.000
3	4.56	0.000
4	8.44	0.482
5	8.40	0.622
6	6.93	0.327
7	6.31	0.000
8	5.96	0.454
9	5.50	0.000
10	3.71	0.000
11	5.66	0.000
12	6.47	0.757
13	5.07	0.000
14	3.91	0.000
15	3.91	0.236
16	4.67	0.005
17	1.86	0.000
18	3.01	0.000
19	6.94	0.000
20	7.17	0.004
21	3.66	0.000
22	3.71	0.000
23	4.80	0.000
24	7.34	0.000
25	7.06	0.000
26	2.43	0.000
27	6.28	0.000
28	6.08	0.000
29	6.35	0.000
30	8.10	0.028
31	7.78	0.185
32	2.25	0.000
33	2.34	0.000
34	5.33	0.000
35	5.59	0.094
36	7.34	0.000
37	8.78	0.000
38	12.16	0.066
39	3.42	0.116
40	2.29	1.487
41	2.29	0.751
42	1.52	0.111
43	2.59	0.000
44	4.87	0.000
45	5.12	0.000
46	5.62	0.000
47	4.53	0.000
48	4.87	0.000
49	4.87	0.000
50	5.99	1.642
51	5.05	0.804
52	5.37	0.000
53	5.75	1.175
54	3.87	0.217
55	5.22	0.000
56	6.92	0.000
57	7.99	0.000
58	8.99	0.106
59	7.92	0.363
60	7.88	0.000
61	8.79	0.204
62	8.26	0.430
63	8.26	0.061
64	9.99	0.000
65	9.28	0.853
66	10.43	0.080
67	6.83	0.000
68	9.88	0.353
69	9.76	0.000
70	8.72	0.000
71	11.83	0.000
72	11.66	0.000
73	11.62	0.017
74	11.38	0.000
75	12.38	0.000
76	13.80	0.000
77	14.84	0.000
78	12.68	0.000
79	13.09	0.675
80	18.61	0.959
81	10.80	0.000
82	10.80	0.058
83	10.31	0.000
84	10.31	0.000
85	12.42	0.071
86	16.36	0.000
87	16.36	0.000
88	13.25	0.000
89	15.24	0.048
90	12.36	0.000
91	10.99	0.000
92	13.68	0.000
93	14.68	0.000
94	14.56	0.000
95	19.16	0.119
96	20.69	0.000
97	20.90	0.081
98	20.91	0.000
99	20.45	0.000
100	16.08	0.000
101	10.74	0.039
102	10.82	0.000
103	14.57	0.000
104	16.58	0.135
105	14.27	0.000
106	15.82	0.000
107	15.95	0.000
108	18.73	0.000
109	22.72	0.000
110	19.52	0.000
111	21.20	0.000
112	19.06	0.000
113	18.50	0.394
114	21.39	0.000
115	20.17	0.011
116	17.59	0.000
117	10.95	0.011
118	16.55	0.451
119	16.55	0.000
120	15.00	1.689
121	14.76	0.235
122	19.01	0.000
123	20.45	0.000
124	19.40	0.000
125	20.80	0.000
126	19.84	0.000
127	14.41	0.012
128	17.04	0.154
129	17.61	0.289
130	20.78	0.037
131	21.78	0.235
132	23.31	0.117
133	24.08	0.000
134	19.66	0.051
135	20.71	0.202
136	20.73	0.000
137	21.58	0.000
138	23.05	0.000
139	20.34	0.000
140	19.90	0.000
141	20.34	0.000
142	24.65	0.000
143	24.98	0.020
144	28.01	0.058
145	23.73	0.232
146	24.36	0.000
147	23.05	3.252
148	20.90	0.014
149	21.67	0.174
150	23.16	0.050
151	19.98	0.936
152	21.27	0.000
153	22.27	0.012
154	22.27	0.160
155	24.20	0.056
156	25.91	0.097
157	27.42	0.066
158	25.30	0.000
159	23.00	0.076
160	24.45	0.140
161	25.51	0.000
162	23.42	0.000
163	23.42	0.000
164	23.34	0.065
165	21.32	0.288
166	22.54	0.211
167	27.05	0.000
168	26.47	0.000
169	23.40	3.113
170	23.81	0.927
171	23.75	0.000
172	22.89	0.000
173	24.15	0.022
174	22.56	0.142
175	23.98	0.076
176	24.43	0.103
177	23.37	0.816
178	22.65	1.427
179	29.94	0.120
180	26.30	1.650
181	25.05	0.365
182	24.34	0.300
183	24.82	0.000
184	25.03	0.000
185	25.56	0.202
186	25.41	0.000
187	27.12	1.373
188	26.00	0.000
189	25.39	0.185
190	23.42	0.000
191	22.87	0.163
192	25.91	0.000
193	22.70	4.261
194	22.09	0.000
195	25.95	0.142
196	26.95	0.000
197	26.89	0.000
198	29.23	0.000
199	26.98	0.000
200	26.98	0.000
201	28.18	0.000
202	30.51	0.000
203	31.27	0.034
204	31.27	0.000
205	32.66	0.000
206	33.18	0.000
207	33.18	0.000
208	33.18	1.046
209	33.10	0.000
210	33.10	0.000
211	33.20	0.000
212	32.23	0.000
213	31.70	0.000
214	30.42	0.000
215	29.13	0.383
216	26.18	0.000
217	29.44	0.000
218	29.44	0.020
219	30.06	0.000
220	30.30	0.000
221	28.32	4.228
222	26.86	0.000
223	27.58	0.000
224	27.85	0.000
225	27.88	0.000
226	28.67	0.789
227	28.61	0.041
228	29.76	0.000
229	28.76	0.116
230	27.44	0.113
231	27.44	0.000
232	28.28	0.000
233	28.28	0.000
234	28.64	0.000
235	28.64	0.000
236	28.18	0.000
237	29.61	0.034
238	32.15	0.017
239	29.37	3.834
240	24.35	2.610
241	25.35	0.163
242	25.35	2.250
243	25.11	0.000
244	20.52	0.000
245	22.15	4.301
246	23.71	1.073
247	24.28	0.325
248	25.36	3.430
249	25.62	0.197
250	26.62	0.000
251	26.29	0.000
252	26.29	0.000
253	28.08	0.000
254	28.08	0.000
255	26.40	0.000
256	27.19	0.000
257	27.42	0.000
258	25.06	0.031
259	25.09	0.000
260	25.09	0.000
261	24.23	0.076
262	24.23	0.000
263	23.16	0.000
264	20.92	0.227
265	20.70	0.200
266	22.38	0.102
267	23.12	0.251
268	23.12	0.367
269	23.30	0.109
270	23.30	0.080
271	23.69	0.076
272	23.50	0.000
273	24.71	0.000
274	22.73	3.109
275	23.30	0.103
276	23.11	0.000
277	22.85	0.123
278	18.11	0.104
279	17.32	0.000
280	17.32	0.085
281	18.34	0.000
282	19.40	0.000
283	19.97	0.000
284	19.97	0.187
285	20.40	0.000
286	20.40	0.035
287	16.62	0.000
288	14.70	0.000
289	16.54	0.000
290	17.29	0.000
291	17.15	0.000
292	16.91	0.000
293	17.24	0.000
294	17.11	0.000
295	18.68	0.317
296	17.80	0.000
297	17.82	0.000
298	16.87	0.000
299	13.44	0.000
300	13.17	0.000
301	15.20	0.000
302	14.96	0.000
303	15.96	0.000
304	16.99	0.000
305	17.33	0.000
306	16.56	0.000
307	16.56	0.000
308	14.38	0.078
309	13.92	0.000
310	16.18	0.000
311	14.53	0.000
312	13.13	0.000
313	13.13	0.000
314	14.19	0.000
315	15.19	0.000
316	16.43	0.083
317	13.48	0.000
318	12.16	0.000
319	15.46	0.000
320	16.47	0.000
321	18.03	0.000
322	6.91	0.000
323	7.78	0.000
324	10.97	0.000
325	16.17	0.000
326	16.17	0.000
327	12.54	0.000
328	12.54	0.076
329	6.72	0.000
330	9.10	0.654
331	8.07	0.784
332	8.75	0.000
333	11.13	0.000
334	8.20	0.941
335	6.80	0.404
336	5.31	0.000
337	5.31	0.000
338	6.38	0.000
339	5.38	0.000
340	4.63	0.000
341	4.40	0.000
342	6.04	0.000
343	9.05	0.000
344	10.83	0.000
345	7.01	0.000
346	8.01	0.000
347	9.53	0.000
348	8.92	0.000
349	11.09	0.000
350	13.51	0.038
351	8.47	0.000
352	5.80	0.000
353	5.11	0.000
354	6.11	0.000
355	7.47	0.994
356	8.47	0.000
357	8.48	0.310
358	9.17	0.000
359	9.67	0.000
360	3.92	0.070
361	4.70	0.000
362	8.24	0.000
363	9.19	0.147
364	6.59	0.000
365	0.25	0.000